10
200.00 1 400.00 1 2000  1
126.2 	33.9439 0.04  	0	28.01 	0.001988
304.2 	73.7646 0.225 	0	44.00 	0.022246
190.6 	46.0015 0.008 	0 	16.04 	0.010392
305.4 	48.8387 0.098 	0	30.36 	0.061417
394.521	39.8483	0.15845	0	51.37	0.063418
483.845	33.1578	0.24871	0	75.71	0.081342
570.697	30.0487	0.32946	0	98.13	0.108514
615.296	26.3287	0.40899	0	117.97 	0.187289
662.845	21.3141	0.54182	0	158.43	0.266403
754.265	16.5846	0.72855	0	331.23	0.196991
0.000  0.0261 0.0059 0.0261 0.0426 0.0567 0.0693 0.0751 0.0811 0.0920
0.0261 0.000  0.0075 0.0000 0.0023 0.0073 0.0131 0.0163 0.0197 0.0264 
0.0059 0.0075 0.000  0.0075 0.0178 0.0281 0.0380 0.0427 0.0477 0.0569 
0.0261 0.0000 0.0075 0.000  0.0023 0.0071 0.0129 0.0160 0.0193 0.0259 
0.0426 0.0023 0.0178 0.0023 0.000  0.0014 0.0046 0.0066 0.0089 0.0137 
0.0567 0.0073 0.0281 0.0071 0.0014 0.000  0.0009 0.0019 0.0032 0.0064 
0.0693 0.0131 0.0380 0.0129 0.0046 0.0009 0.000  0.0002 0.0007 0.0025
0.0751 0.0163 0.0427 0.0160 0.0066 0.0019 0.0002 0.000  0.0002 0.0013
0.0811 0.0197 0.0477 0.0193 0.0089 0.0032 0.0007 0.0002 0.000  0.0005 
0.0920 0.0264 0.0569 0.0259 0.0137 0.0064 0.0025 0.0013 0.0005 0.000 
